-0.963
-1.183
-1.384
-1.538
-1.539
-1.446
-1.038
-0.645
-0.319
-0.168
-0.123
-0.256
-0.361
-0.642
-0.825
-1.067
-1.318
-1.604
-1.621
-1.646
-1.498
-1.242
-0.875
-0.630
-0.379
-0.221
-0.203
-0.336
-0.437
-0.657
-0.967
-1.266
-1.520
-1.761
-1.883
-1.682
-1.344
-0.927
-0.553
-0.171
-0.092
-0.063
-0.130
-0.304
-0.593
-0.831
-1.102
-1.452
-1.652
-1.811
-1.854
-1.669
-1.310
-0.856
-0.441
-0.095
0.011
0.021
-0.112
-0.265
-0.523
-0.810
-1.099
-1.420
-1.681
-1.851
-1.814
-1.625
-1.259
-0.859
-0.460
-0.181
-0.054
-0.052
-0.137
-0.285
-0.544
-0.810
-1.096
-1.411
-1.678
-1.829
-1.870
-1.752
-1.438
-1.077
-0.708
-0.377
-0.162
-0.071
-0.102
-0.192
-0.371
-0.627
-0.934
-1.201
-1.471
-1.704
-1.836
-1.848
-1.686
-1.425
-1.023
-0.615
-0.274
-0.084
-0.003
-0.072
-0.235
-0.464
-0.703
-0.999
-1.340
-1.612
-1.796
-1.898
-1.763
-1.451
-1.051
-0.645
-0.280
-0.047
0.007
-0.049
-0.212
-0.439
-0.733
-1.054
-1.379
-1.637
-1.823
-1.880
-1.741
-1.500
-1.154
-0.754
-0.403
-0.169
-0.059
-0.062
-0.230
-0.413
-0.687
-0.946
-1.195
-1.399
-1.640
-1.741
-1.757
-1.650
-1.380
-0.989
-0.629
-0.316
-0.123
-0.090
-0.144
-0.262
-0.451
-0.662
-0.898
-1.158
-1.400
-1.563
-1.720
-1.740
-1.638
-1.427
-1.148
-0.783
-0.469
-0.235
-0.079
-0.051
-0.105
-0.272
-0.498
-0.819
-1.136
-1.454
-1.673
-1.841
-1.804
-1.685
-1.435
-1.155
-0.801
-0.525
-0.249
-0.119
-0.079
-0.103
-0.269
-0.490
-0.771
-1.007
-1.301
-1.516
-1.720
-1.776
-1.752
-1.593
-1.302
-0.921
-0.556
-0.246
-0.057
0.025
-0.065
-0.225
-0.487
-0.782
-1.145
-1.449
-1.718
-1.840
-1.799
-1.566
-1.210
-0.827
-0.456
-0.195
-0.061
-0.056
-0.153
-0.391
-0.649
-0.991
-1.331
-1.589
-1.689
-1.683
-1.482
-1.175
-0.838
-0.534
-0.310
-0.196
-0.176
-0.200
-0.344
-0.527
-0.763
-1.059
-1.401
-1.627
-1.748
-1.721
-1.541
-1.251
-0.937
-0.653
-0.422
-0.255
-0.188
-0.210
-0.306
-0.479
-0.708
-0.970
-1.259
-1.533
-1.718
-1.767
-1.666
-1.433
-1.105
-0.801
-0.559
-0.368
-0.254
-0.229
-0.260
-0.371
-0.543
-0.792
-1.085
-1.386
-1.635
-1.794
-1.804
-1.652
-1.391
-1.044
-0.697
-0.406
-0.204
-0.103
-0.119
-0.229
-0.415
-0.683
-1.000
-1.325
-1.616
-1.798
-1.862
-1.712
-1.446
-1.092
-0.750
-0.412
-0.201
-0.101
-0.116
-0.201
-0.420
-0.650
-0.917
-1.161
-1.374
-1.533
-1.682
-1.721
-1.667
-1.489
-1.154
-0.775
-0.395
-0.124
-0.014
-0.047
-0.181
-0.410
-0.687
-0.973
-1.303
-1.583
-1.799
-1.875
-1.772
-1.492
-1.142
-0.756
-0.439
-0.213
-0.125
-0.097
-0.178
-0.298
-0.540
-0.819
-1.170
-1.478
-1.744
-1.865
-1.819
-1.606
-1.293
-0.904
-0.552
-0.281
-0.106
-0.036
-0.071
-0.208
-0.444
-0.777
-1.138
-1.492
-1.759
-1.896
-1.806
-1.601
-1.269
-0.921
-0.578
-0.343
-0.153
-0.119
-0.139
-0.269
-0.471
-0.735
-1.014
-1.288
-1.533
-1.721
-1.770
-1.676
-1.468
-1.174
-0.850
-0.574
-0.368
-0.226
-0.167
-0.162
-0.281
-0.466
-0.753
-1.072
-1.405
-1.668
-1.820
-1.841
-1.703
-1.410
-1.038
-0.681
-0.361
-0.110
-0.051
-0.083
-0.211
-0.417
-0.743
-1.106
-1.446
-1.723
-1.883
-1.833
-1.540
-1.197
-0.788
-0.422
-0.147
-0.049
-0.037
-0.135
-0.370
-0.682
-0.997
-1.350
-1.662
-1.820
-1.887
-1.799
-1.533
-1.190
-0.803
-0.429
-0.162
-0.042
-0.024
-0.132
-0.310
-0.545
-0.826
-1.130
-1.431
-1.687
-1.863
-1.837
-1.690
-1.389
-1.039
-0.656
-0.399
-0.200
-0.124
-0.111
-0.195
-0.374
-0.647
-0.975
-1.339
-1.658
-1.855
-1.895
-1.719
-1.390
-1.002
-0.634
-0.300
-0.122
-0.076
-0.140
-0.247
-0.467
-0.734
-1.078
-1.402
-1.676
-1.853
-1.875
-1.652
-1.328
-0.961
-0.571
-0.256
-0.103
-0.041
-0.059
-0.197
-0.420
-0.726
-1.090
-1.439
-1.719
-1.878
-1.883
-1.605
-1.317
-0.948
-0.590
-0.278
-0.182
-0.098
-0.092
