-1.137
-1.319
-1.263
-1.137
-1.063
-0.961
-0.932
-0.895
-0.925
-0.888
-0.840
-0.797
-0.757
-0.657
-0.685
-0.626
-0.694
-0.761
-0.823
-0.880
-0.920
-0.915
-0.982
-0.969
-0.983
-1.090
-1.046
-1.114
-1.179
-1.107
-1.137
-1.157
-1.148
-1.100
-1.122
-1.056
-0.990
-0.965
-0.950
-0.984
-0.934
-0.863
-0.812
-0.767
-0.767
-0.699
-0.694
-0.724
-0.695
-0.731
-0.746
-0.818
-0.880
-0.959
-0.953
-0.928
-0.956
-0.978
-1.225
-1.084
-1.088
-1.099
-1.089
-1.139
-1.142
-1.113
-1.183
-1.082
-1.066
-1.046
-0.997
-1.014
-0.955
-0.934
-0.930
-0.905
-0.878
-0.861
-0.800
-0.790
-0.717
-0.750
-0.658
-0.661
-0.675
-0.731
-0.883
-0.847
-0.955
-0.916
-0.955
-0.998
-0.971
-1.062
-0.996
-1.096
-1.066
-1.091
-1.128
-1.145
-1.127
-1.173
-1.146
-1.092
-1.065
-1.018
-1.050
-0.995
-0.962
-0.847
-0.868
-0.842
-0.916
-0.760
-0.740
-0.703
-0.697
-0.698
-0.690
-0.737
-0.797
-0.783
-0.902
-0.889
-0.922
-0.957
-0.987
-1.014
-1.001
-0.979
-1.044
-1.056
-1.034
-1.082
-1.125
-1.224
-1.209
-1.217
-1.142
-1.086
-1.090
-0.983
-0.893
-0.902
-0.820
-0.876
-0.836
-0.818
-0.820
-0.703
-0.701
-0.733
-0.734
-0.796
-0.875
-0.928
-0.929
-1.005
-0.978
-0.978
-1.028
-1.045
-0.967
-1.020
-1.015
-1.035
-1.008
-1.046
-1.099
-1.137
-1.165
-1.058
-1.113
-1.099
-1.098
-1.013
-0.934
-0.890
-0.847
-0.857
-0.724
-0.776
-0.768
-0.745
-0.701
-0.716
-0.811
-0.775
-0.817
-0.891
-0.969
-0.926
-1.008
-0.935
-1.006
-1.066
-1.081
-1.062
-1.063
-1.077
-1.085
-1.038
-1.132
-1.115
-1.097
-1.115
-1.030
-1.057
-1.014
-0.988
-0.999
-0.948
-0.832
-0.828
-0.821
-0.785
-0.745
-0.699
-0.691
-0.711
-0.767
-0.787
-0.917
-0.913
-0.907
-0.946
-0.869
-1.041
-0.925
-1.042
-1.092
-1.031
-1.116
-1.061
-1.168
-1.143
-1.165
-1.139
-1.054
-1.014
-1.107
-0.980
-0.972
-1.002
-0.886
-0.840
-0.901
-0.874
-0.867
-0.829
-0.779
-0.717
-0.750
-0.725
-0.781
-0.798
-0.804
-0.892
-0.813
-0.938
-0.921
-0.943
-0.991
-0.978
-1.095
-1.101
-1.151
-1.051
-1.083
-1.029
-1.065
-1.099
-1.123
-1.097
-1.116
-1.097
-1.063
-1.044
-0.923
-0.869
-0.881
-0.882
-0.810
-0.756
-0.772
-0.824
-0.716
-0.762
-0.746
-0.714
-0.840
-0.822
-0.919
-0.927
-0.925
-0.908
-0.888
-0.961
-1.098
-1.074
-1.063
-1.047
-1.118
-1.023
-1.024
-1.066
-1.153
-1.133
-1.170
-1.097
-1.026
-1.022
-0.959
-0.903
-0.952
-0.873
-0.793
-0.854
-0.825
-0.820
-0.810
-0.753
-0.697
-0.739
-0.747
-0.727
-0.812
-0.837
-0.873
-0.942
-0.945
-0.993
-0.970
-1.090
-1.079
-1.115
-1.065
-1.047
-1.057
-1.073
-1.047
-1.154
-1.200
-1.147
-1.146
-1.098
-0.978
-1.017
-1.005
-0.934
-0.925
-0.831
-0.785
-0.790
-0.850
-0.800
-0.689
-0.732
-0.651
-0.673
-0.766
-0.766
-0.774
-0.844
-0.895
-0.880
-1.043
-0.922
-1.179
-1.049
-1.126
-1.110
-1.167
-1.062
-1.095
-1.117
-1.066
-1.196
-1.159
-1.112
-1.083
-0.968
-0.978
-0.872
-0.946
-0.921
-0.858
-0.801
-0.793
-0.831
-0.817
-0.788
-0.782
-0.723
-0.760
-0.753
-0.791
-0.807
-0.778
-1.016
-0.856
-1.054
-0.966
-1.068
-1.065
-1.115
-1.133
-1.085
-1.057
-1.046
-1.056
-1.050
-1.153
-1.107
-1.123
-1.111
-1.089
-1.085
-0.883
-0.923
-0.931
-0.891
-0.868
-0.833
-0.823
-0.773
-0.785
-0.783
-0.778
-0.735
-0.780
-0.746
-0.804
-0.778
-0.883
-0.924
-0.818
-0.983
-0.982
-0.978
-1.158
-1.103
-1.111
-1.111
-1.062
-1.072
-1.002
-1.085
-1.187
-1.155
-1.188
-1.113
-1.033
-1.036
-0.999
-0.938
-0.916
-0.878
-0.741
-0.761
-0.796
-0.804
-0.770
-0.771
-0.767
-0.757
-0.775
-0.803
-0.795
-0.870
-0.946
-0.883
-0.950
-0.895
-0.952
-0.928
-1.132
-1.071
-1.048
-1.086
-1.062
-1.094
-1.044
-1.100
-1.141
-1.180
-1.100
-1.125
-1.057
-0.996
-0.984
-0.932
-0.908
-0.841
-0.788
-0.803
-0.800
-0.783
-0.781
-0.776
